4
5
33
51
-5
-91
-61
87
38
-96
39
-33
6
-90
3
-10
33
90
-86
-41
24
-71
59
-96
95
-65
66
33
-95
-19
74
89
-22
-11
64
21
-60
38
36
57
46
27
67
30
-12
-64
-1
28
44
77
-74
47
-87
-6
-25
-29
82
-52
26
-34
87
45
1
-48
73
-52
-90
35
-41
9
-88
-81
-33
-35
98
-31
-1
75
-3
-70
-43
-97
-91
91
91
95
24
-71
95
-4
-51
57
31
-14
15
-88
-20
-54
29
26
4
-80
86
-99
-80
66
47
60
7
-82
-7
-86
54
9
16
85
1
59
35
40
0
-18
82
96
-95
-82
73
40
63
33
99
47
94
-1
-10
-33
-20
2
-3
95
-75
-65
-65
99
-27
88
-98
-51
11
-66
11
-6
-42
-28
-15
-67
38
8
-80
55
-25
-15
9
22
-65
22
-92
-44
89
43
-51
-10
-20
16
-51
82
-87
39
11
-67
82
6
-42
63
56
-82
-25
54
44
81
38
88
-29
-74
6
67
5
-97
-70
-7
-56
-13
21
-55
28
52
-99
37
93
30
-71
-38
-57
57
-25
-52
27
68
30
-64
39
-8
62
80
42
-12
55
-88
43
25
-22
22
94
-96
-85
14
-90
-55
-9
-34
88
-12
11
79
92
-20
8
12
-75
31
-35
98
-50
69
99
-86
-61
20
-53
-11
86
-74
-6
31
30
-51
77
59
-98
-16
-92
89
22
-64
69
-65
12
25
36
91
0
82
51
-52
4
-22
6
-30
-99
-18
-35
-52
-63
56
-14
17
6
-87
88
-37
53
26
-15
51
-50
60
41
53
-97
-99
73
-50
-38
-75
72
-64
44
-21
15
48
78
-87
-97
-8
1
-20
85
-91
-36
67
79
34
-94
58
48
-7
-45
0
-64
70
9
16
-10
51
97
-96
-59
-13
-52
-18
-55
78
-83
41
73
69
54
73
-76
13
-78
-24
50
-18
61
-84
-89
29
-88
-36
-35
-48
35
-42
-19
-85
-72
-83
-82
-94
-55
-38
62
-74
-25
82
38
80
31
-51
-15
-30
73
-82
-76
67
96
-93
68
-18
54
80
-59
99
-76
-80
85
18
-29
71
-51
74
-20
-17
-60
11
-87
-22
96
37
7
48
60
-46
-84
-73
89
0
22
41
-31
18
64
76
-43
-6
5
-75
19
44
94
-15
-98
48
20
-81
-77
51
-71
90
-54
-27
83
-54
-1
-52
-44
9
-24
-48
55
2
-78
-74
81
-95
74
51
-6
-63
18
93
45
-79
47
84
-61
-84
73
59
70
-19
26
64
-66
48
-58
9
-37
57
-19
10
-1
-28
-30
37
25
-13
-4
-28
-68
78
-81
65
-55
62
-47
-37
73
53
-92
-90
84
66
-13
-32
73
5
-49
-38
93
-86
77
-59
73
-87
77
2
-49
73
-69
5
-39
-43
11
39
-5
-41
31
-52
-51
40
-22
30
-43
-46
25
-84
-65
31
53
-58
-18
-73
56
-12
36
-23
-20
21
97
-54
90
23
29
-88
96
-39
-31
45
-21
-95
47
45
70
-26
81
5
-16
-33
-17
66
31
21
82
58
27
-22
13
-92
-79
74
-63
-28
-66
28
-91
27
-86
-14
54
-44
-74
27
59
-23
-40
-45
-70
-31
9
58
76
37
2
16
-8
71
94
51
48
93
-97
47
86
83
15
1
1
1
1
4
-1
