5
3
-23
36
9
-13
-37
97
-83
53
84
28
14
69
46
-7
81
27
19
21
-99
-64
68
-51
73
99
7
-36
47
-31
-21
-6
-82
-20
61
18
-62
18
-12
-13
28
-13
3
-99
46
85
-86
5
68
-76
29
-25
25
-75
20
-54
-92
25
65
64
3
-82
-13
27
-84
-17
-89
64
-13
-25
-19
-7
-17
61
-92
32
-20
94
12
25
-26
-37
56
-11
-96
-16
92
-14
-38
-14
43
-51
63
78
-17
-36
98
-93
29
-11
-5
-53
1
-77
89
73
-6
27
59
94
-47
-68
17
-15
-25
-41
-38
27
-98
13
-74
-2
-79
99
40
-64
-79
56
40
26
29
46
38
-77
-93
62
54
25
98
1
-88
-53
29
-58
-81
19
-87
-9
0
-1
-29
36
25
-42
59
-30
-36
-11
84
87
-32
-23
16
-89
78
-96
94
-76
67
-23
-28
31
-52
-12
31
-49
50
-48
79
-99
40
22
20
-95
13
93
98
18
96
0
-74
-19
-19
49
11
93
87
-58
-47
-25
-48
75
-58
-56
23
-20
-76
55
-13
89
-51
5
-30
6
-96
7
49
-45
-34
-56
0
-15
-97
-18
6
-68
-21
-92
65
37
72
68
-82
-11
-76
31
-39
26
90
-97
-66
37
61
-38
-97
0
0
0
0
0
3
0
0
0
0
0
3
-1
